  

  

  

  

  

  

  

  

  

  

  

  

  

  

  
(21, 16) 
  
(21, 17) 
  

  

  

  

  

  
(28, 19) 
  
(27, 19) 
  
(26, 19) 
  
(25, 19) 
  
(26, 19) (32, 13) 
  
(31, 13) (34, 24) (25, 19) (28, 19) 
  
(31, 14) (27, 19) (26, 19) (28, 19) 
  
(28, 18) (27, 18) (25, 19) (31, 15) (31, 24) 
  
(30, 15) (27, 19) (26, 19) (30, 24) (28, 19) 
  
(28, 18) (25, 19) (27, 18) (30, 23) (29, 15) (28, 19) 
  
(28, 17) (29, 19) (27, 19) (28, 15) (29, 23) (26, 19) 
  
(27, 15) (27, 18) (25, 19) (29, 22) (27, 17) (28, 19) 
  
(28, 18) (26, 19) (27, 19) (28, 22) (27, 16) (26, 17) (33, 30) 
  
(25, 17) (27, 18) (25, 19) (27, 19) (28, 21) (26, 16) (33, 29) (28, 19) 
  
(28, 18) (25, 16) (24, 17) (26, 19) (27, 19) (28, 20) (32, 29) (26, 18) 
  
(31, 29) (27, 20) (25, 17) (25, 18) (27, 18) (24, 16) (28, 20) (26, 20) 
  
(31, 28) (23, 16) (24, 18) (24, 17) (27, 19) (26, 19) (28, 19) (26, 18) 
  
(28, 18) (24, 19) (25, 17) (25, 18) (27, 18) (25, 19) 
  
(28, 17) (24, 18) (24, 17) (25, 18) (25, 20) (26, 18) 
  
(24, 19) (25, 17) (25, 19) (27, 17) (26, 17) (24, 16) 
  
(23, 16) (25, 18) (27, 18) (25, 20) (24, 20) (32, 29) (26, 18) 
  
(24, 19) (31, 29) (25, 19) (27, 19) (22, 16) (25, 20) (26, 19) (28, 19) 
  
(31, 28) (28, 18) (24, 18) (25, 18) (22, 17) (24, 20) (27, 18) (26, 18) 
  
(25, 17) (24, 17) (24, 21) (27, 19) (31, 27) (26, 19) (28, 19) 
  
(30, 27) (28, 18) (25, 16) (24, 16) (27, 18) (25, 19) (24, 20) 
  
(23, 16) (25, 18) (23, 20) (27, 17) (25, 15) (28, 17) (29, 27) 
  
(23, 19) (24, 18) (28, 16) (22, 16) (24, 15) (27, 16) (29, 26) 
  
(24, 19) (28, 17) (25, 18) (24, 16) (27, 17) (29, 25) 
  
(29, 24) (25, 17) (24, 18) (26, 17) (28, 16) 
  
(24, 17) (27, 16) (29, 23) (24, 18) (26, 16) 
  
(29, 22) (27, 15) (25, 16) (24, 16) (25, 18) 
  
(26, 15) (26, 18) (28, 22) (25, 15) 
  
(25, 18) (28, 21) (24, 15) (26, 16) 
  
(25, 16) (28, 20) (24, 18) 
  
(24, 17) (24, 16) (27, 20) 
  
(23, 16) (26, 20) (25, 17) 
  
(25, 18) (26, 19) (22, 16) 
  
(24, 18) (26, 20) 
  
(24, 17) (26, 19) 
  
(25, 19) 
  
(25, 18) 
  
(24, 18) 
  
(24, 17) 
  
(24, 16) 
  

  

  

  
(30, 14) 
(30, 14) 
['e', 's', 'w', 'n'] (30, 15) (30, 14) 
  
(31, 14) (28, 19) 
(31, 14) 
['w', 's'] (31, 13) (31, 14) 
(28, 19) 
['n', 'e'] (27, 19) (28, 19) 
  
(32, 14) (28, 20) 
(32, 14) 
['w', 's'] (32, 13) (32, 14) 
(28, 20) 
['n', 'e'] (27, 20) (28, 20) 
  

  

  

  

  

  

  
(28, 19) 
(28, 19) 
['e', 'n'] (28, 20) (28, 19) 
  
(29, 19) 
(29, 19) 
['n'] (28, 19) (29, 19) 
  
(30, 19) (40, 15) 
(30, 19) 
['n'] (29, 19) (30, 19) 
(40, 15) 
['w', 's'] (40, 14) (40, 15) 
  
(28, 19) 
(28, 19) 
['n'] (27, 19) (28, 19) 
  

  

  
(29, 21) 
(29, 21) 
['n'] (28, 21) (29, 21) 
  
(28, 19) (30, 21) 
(28, 19) 
['n', 'w'] (27, 19) (28, 19) 
(30, 21) 
['n'] (29, 21) (30, 21) 
  
(32, 19) (28, 20) (31, 21) 
(32, 19) 
['w'] (32, 18) (32, 19) 
(28, 20) 
['n', 'w'] (27, 20) (28, 20) 
(31, 21) 
['w', 'n'] (31, 20) (31, 21) 
  
(32, 21) (28, 21) (33, 19) (28, 19) 
(32, 21) 
['w'] (32, 20) (32, 21) 
(28, 21) 
['n', 'w'] (27, 21) (28, 21) 
(33, 19) 
['w', 's'] (33, 18) (33, 19) 
(28, 19) 
['n', 'w'] (27, 19) (28, 19) 
  
(33, 21) (34, 19) 
(33, 21) 
['w', 's'] (33, 20) (33, 21) 
(34, 19) 
['w', 's'] (34, 18) (34, 19) 
  
(30, 32) (34, 21) (35, 19) 
  
(33, 21) (34, 19) (28, 20) (30, 31) 
  
(27, 20) (29, 31) (33, 19) (32, 21) 
  
(26, 20) (29, 30) (33, 18) (31, 21) 
  
(32, 18) (31, 20) (26, 19) 
  
(31, 18) (31, 19) (25, 19) 
  
(25, 18) (30, 19) (30, 18) 
  
(29, 18) (24, 18) (29, 19) 
  
(28, 18) (21, 22) (25, 18) (28, 19) 
  
(21, 21) (27, 18) (27, 19) (28, 19) (24, 18) 
  
(28, 20) (26, 19) (26, 18) 
  
(27, 20) (26, 20) (25, 18) (24, 18) 
